%YAML:1.0
---
calibration_time: "Ср 14 фев 2018 12:41:50"
image_width: 1280
image_height: 960
flags: 0
camera_matrix: !!opencv-matrix
   rows: 3
   cols: 3
   dt: d
   data: [6.8415526980092864e+02, 0., 6.4163537587632698e+02, 0.,
          6.8415526980092864e+02, 4.9707746072335209e+02, 0., 0., 1.]
distortion_coefficients: !!opencv-matrix
   rows: 1
   cols: 5
   dt: d
   data: [ -3.1574774054416294e-01, 1.1387402413470069e-01,
            2.1826949536692391e-04, -2.4065597340833163e-05,
            -1.9785582487726050e-02 ]
avg_reprojection_error: 0.
