%YAML:1.0
---
calibration_time: "Ср 14 фев 2018 12:41:50"
image_width: 1280
image_height: 960
flags: 0
camera_matrix: !!opencv-matrix
   rows: 3
   cols: 3
   dt: d
   data: [6.8988155740662660e+02, 0., 6.4343174576305671e+02, 0.,
             6.8988155740662660e+02, 4.9447285505947821e+02, 0., 0., 1.]
distortion_coefficients: !!opencv-matrix
   rows: 1
   cols: 5
   dt: d
   data: [ -3.1676954742949948e-01, 1.1460680380351017e-01,
            3.3772090535300520e-04, 4.3180922302493692e-05,
            -1.9808511961355982e-02 ]
avg_reprojection_error: 0.
