%YAML:1.0
---
calibration_time: "Ср 14 фев 2018 12:41:50"
image_width: 1280
image_height: 960
flags: 0
camera_matrix: !!opencv-matrix
   rows: 3
   cols: 3
   dt: d
   data: [702.921023, 0., 629.862403, 0., 699.024929, 492.323802, 0., 0.,1.]
distortion_coefficients: !!opencv-matrix
   rows: 1
   cols: 5
   dt: d
   data: [ -0.257722, 0.046088, 0.001607, 0.000487, 0.]
avg_reprojection_error: 0.
