%YAML:1.0
---
writing_time: "Wed Mar 27 22:42:44 2019"
mat_rows: 3
mat_cols: 4
trasnform: !!opencv-matrix
   rows: 3
   cols: 4
   dt: d
   data: [ -9.9984936111717682e-01, 2.1266019506124313e-03,
       1.7225929226536346e-02, 1.3999999761581421e+00,
       -7.5663520895714927e-03, 8.3979462931697468e-01,
       -5.4285148142601747e-01, 1.9500000476837158e+00,
       -1.5620671868732946e-02, -5.4290004433091421e-01,
       -8.3965203297310032e-01, 9.7000002861022949e-01 ]
