%YAML:1.0
---
writing_time: "Вс 31 мар 2019 14:40:10"
mat_rows: 3
mat_cols: 4
trasnform: !!opencv-matrix
   rows: 3
   cols: 4
   dt: d
   data: [ -9.9672243703065289e-01, -5.9256909675224227e-02,
       5.5072699002478236e-02, 1.3999999761581421e+00,
       -8.0005047349575337e-02, 8.2287536168705910e-01,
       -5.6256140245041952e-01, 1.9500000476837158e+00,
       -1.1982316898974818e-02, -5.6512366592112717e-01,
       -8.2491918773756179e-01, 9.7000002861022949e-01 ]
