%YAML:1.0
---
writing_time: "Tue 08 May 2018 07:25:12 PM UTC"
mat_rows: 3
mat_cols: 4
trasnform: !!opencv-matrix
   rows: 3
   cols: 4
   dt: d
   data: [ -9.9998882733614192e-01, -4.7260983109035475e-03,
       -9.5904354027365145e-05, 1.3899999856948853e+00,
       -3.8431850771113198e-03, 8.2465237827617865e-01,
       -5.6562680711924052e-01, 2.0199999809265137e+00,
       2.7522956513637135e-03, -5.6562011898287223e-01,
       -8.2466132798285696e-01, 1.0499999523162842e+00 ]
