%YAML:1.0
---
writing_time: "Thu Mar 21 14:51:55 2019"
mat_rows: 3
mat_cols: 4
trasnform: !!opencv-matrix
   rows: 3
   cols: 4
   dt: d
   data: [ -9.9090887177749110e-01, -5.7933577242830672e-02,
       1.2142202625762978e-01, 1.3899999856948853e+00,
       -1.2740009879663242e-01, 6.9408708236184502e-01,
       -7.0852828943171298e-01, 2.0199999809265137e+00,
       -4.3229881555098777e-02, -7.1755614604452367e-01,
       -6.9515779116288545e-01, 1.0499999523162842e+00 ]
