%YAML:1.0
---
writing_time: "Вт 02 апр 2019 16:59:52"
mat_rows: 3
mat_cols: 4
trasnform: !!opencv-matrix
   rows: 3
   cols: 4
   dt: d
   data: [ -9.9954426296774979e-01, -3.0134522242482961e-02,
       -1.7823965539646961e-03, 1.6000000238418579e+00,
       -2.3768220490149396e-02, 8.2202993728400742e-01,
       -5.6894802390339938e-01, 1.9500000476837158e+00,
       1.8610160208604527e-02, -5.6864636882518504e-01,
       -8.2237155176899324e-01, 9.7000002861022949e-01 ]
