%YAML:1.0
---
writing_time: "Пн 25 мар 2019 15:05:34"
mat_rows: 3
mat_cols: 4
trasnform: !!opencv-matrix
   rows: 3
   cols: 4
   dt: d
   data: [ -9.9838292436405573e-01, -4.4737954659241054e-02,
       3.5072093624193917e-02, 1.6000000238418579e+00,
       -5.6689771249636568e-02, 7.3775689941737110e-01,
       -6.7268196586331253e-01, 1.9500000476837158e+00,
       4.2197362406209589e-03, -6.7358241721037726e-01,
       -7.3910007512588249e-01, 9.7000002861022949e-01 ]
