%YAML:1.0
---
writing_time: "Сб 06 апр 2019 14:56:36"
mat_rows: 3
mat_cols: 4
trasnform: !!opencv-matrix
   rows: 3
   cols: 4
   dt: d
   data: [ -9.9983122519449885e-01, -9.5209356316015657e-03,
       -1.5712189878165556e-02, 1.6000000238418579e+00,
       1.1369187459993289e-03, 8.2153206442956228e-01,
       -5.7016118293853313e-01, 1.9500000476837158e+00,
       1.8336535709714184e-02, -5.7008281757899049e-01,
       -8.2138258598497560e-01, 9.7000002861022949e-01 ]
