%YAML:1.0
---
writing_time: "Вт 09 апр 2019 19:46:33"
mat_rows: 3
mat_cols: 4
trasnform: !!opencv-matrix
   rows: 3
   cols: 4
   dt: d
   data: [ -9.9836908200291252e-01, -3.9285605119407145e-02,
       4.1422425460898901e-02, 1.3999999761581421e+00,
       -5.5890640074583761e-02, 8.2049458945467368e-01,
       -5.6891551659948558e-01, 1.9500000476837158e+00,
       -1.1636685641326158e-02, -5.7030278791709266e-01,
       -8.2135212767806032e-01, 9.7000002861022949e-01 ]
