<?xml version="1.0"?>
<opencv_storage>
<calibration_time>"Пн 19 фев 2018 14:27:57"</calibration_time>
<nr_of_frames>30</nr_of_frames>
<image_width>1280</image_width>
<image_height>960</image_height>
<board_width>9</board_width>
<board_height>6</board_height>
<square_size>24.</square_size>
<fix_aspect_ratio>1.</fix_aspect_ratio>
<!-- flags: +fix_aspectRatio -->
<flags>2</flags>
<fisheye_model>0</fisheye_model>
<camera_matrix type_id="opencv-matrix">
  <rows>3</rows>
  <cols>3</cols>
  <dt>d</dt>
  <data>
    8.0635475524844924e+02 0. 6.5376292123406415e+02 0.
    8.0635475524844924e+02 5.0259121000144165e+02 0. 0. 1.</data></camera_matrix>
<distortion_coefficients type_id="opencv-matrix">
  <rows>5</rows>
  <cols>1</cols>
  <dt>d</dt>
  <data>
    -3.8314376172896153e-01 1.6158954294353226e-01
    2.9341366086160208e-03 -2.1710965606497987e-03
    -3.2713716036013023e-02</data></distortion_coefficients>
<avg_reprojection_error>2.1453663631960320e+00</avg_reprojection_error>
<per_view_reprojection_errors type_id="opencv-matrix">
  <rows>30</rows>
  <cols>1</cols>
  <dt>f</dt>
  <data>
    1.26403296e+00 3.22484756e+00 4.59720850e+00 4.72704983e+00
    3.74057674e+00 2.98700047e+00 3.27038312e+00 2.10966498e-01
    8.06221485e-01 5.40894210e-01 5.67477465e-01 5.82901895e-01
    5.11830389e-01 4.41585958e-01 4.10035938e-01 5.87990999e-01
    6.05787992e-01 4.06653404e-01 2.35948697e-01 6.23643446e+00
    2.71870255e-01 2.72823900e-01 1.81892842e-01 1.94026873e-01
    2.84037977e-01 5.31475484e-01 2.30964375e+00 8.69581282e-01
    2.98183858e-01 3.59262019e-01</data></per_view_reprojection_errors>
<!-- a set of 6-tuples (rotation vector + translation vector) for each view -->
<extrinsic_parameters type_id="opencv-matrix">
  <rows>30</rows>
  <cols>6</cols>
  <dt>d</dt>
  <data>
    4.1658213447838921e-01 -1.8408568948254056e-01
    1.5456484073508798e+00 -2.2348228316980897e+02
    -5.1820970122557446e+02 2.4204808253660021e+03
    7.4428951512801311e-01 3.3604968903589927e-01 2.3470454129628840e-01
    5.3099977613831470e+02 -3.9529681580185900e+02
    2.4172455864094391e+03 -1.0858740239114064e+00
    -1.2352202904628944e-02 -1.6184780203962928e-01
    -2.2050131204642986e+02 3.4487360788985234e+02
    1.4442128957508990e+03 -6.2104739688680155e-01
    -5.7353055265843333e-01 -1.2524128372760623e+00
    -4.4393155449060401e+02 6.0764457513359139e+02
    1.1265075608062909e+03 -6.9424659786197385e-01
    -6.0323380284139461e-01 -1.7040217303699965e+00
    -9.7767241207030281e+02 6.0835844045470208e+02
    1.3762607911949260e+03 -8.2886826738906105e-01
    -3.6063799655772766e-01 -8.6035612736531075e-01
    -1.4020631160192183e+03 2.7511080756391681e+02
    1.6220753071955860e+03 -7.3022808911405279e-01
    -4.1055216425465224e-01 -7.6269189902069678e-01
    -1.1217203269899167e+03 1.3178482229834069e+02
    1.7839124187914663e+03 -3.1988070320644141e-01
    3.8838818350570833e-02 2.8952100454151393e+00
    -1.7971746491188463e+02 2.8270896189474698e+01
    5.0524172025338333e+02 -4.9327532997255302e-01
    -2.3958570507995266e-02 2.9954345117465389e+00
    -8.9943043277604204e+01 -1.1889842654494767e+02
    3.2946612797157678e+02 -4.8672755492769343e-01
    -2.6003519791838500e-02 3.0353388042695402e+00
    -5.4724449127925226e+01 -1.0533208032397525e+02
    3.5150856469844143e+02 -3.5858765385092650e-01
    -2.7679441426102836e-02 3.0584228845435799e+00
    7.4707250093984570e+01 -8.7844896484257774e+01
    3.9658224307287605e+02 -3.3921929127037498e-01
    -4.1369588218823736e-02 3.0591421252881195e+00
    1.0139974912779564e+02 -8.7933757794191862e+01
    3.9703947061041083e+02 -3.6427574810813229e-01
    -1.2469520920672869e-01 3.0069422889467616e+00
    1.8007437690835553e+02 -1.1531317112080166e+02
    4.0987276913072020e+02 4.0997012950078199e-01
    -2.3513719519958159e-02 3.1080826789434117e+00
    2.9717008104321121e+02 -6.1670382515434213e+01
    3.0631869590003669e+02 -3.8048248612148416e-01
    6.8909253694320827e-02 -3.0695406295595293e+00
    2.7476994116571495e+02 -2.7820322227925327e+01
    3.2317372152509535e+02 -3.3897676032564911e-01
    1.3435151365530154e-01 -2.7308370168400833e+00
    2.7290699739419813e+02 2.2353326432676954e+02 3.8375275326046409e+02
    9.7416522519506332e-02 -6.4621434022586444e-01
    -1.7564994185036420e+00 -2.9769301604983843e+02
    2.3636124130140615e+02 3.4043137547417689e+02 2.3252039588305168e-01
    -6.5552540287123406e-01 -2.0702824778663165e+00
    -2.3103693765001233e+02 1.9965621126321619e+02
    3.8558009831517921e+02 1.8202877042177493e-01 1.9179844686014463e-01
    -3.1106510456170091e+00 1.0918215215444091e+02
    5.7861828605783572e+01 6.6634182111658345e+02 1.6762587485014388e-01
    -1.1707754087076438e+00 -2.8226685839997434e+00
    4.4732616897128594e+01 3.3492024000544660e+02 1.4352601106229242e+03
    -2.3750065091663983e-02 1.2459147630996703e-01
    -1.2812059769488242e+00 8.9768307862109381e+01
    -4.9987876007982351e+01 7.3376208729021130e+02
    -8.4768209349909154e-02 1.4812217056263904e-01
    -1.3476854530162545e+00 6.1001653889955222e+01
    -4.4296160766339312e+01 7.5721118139361568e+02
    -5.3050680591144234e-02 2.3353644404215335e-01
    -1.3463372592648930e+00 3.5339713157023048e+01
    -1.0924221241940153e+02 8.7746401775704533e+02
    3.1839969950437003e-01 -4.6130253378042074e-01
    -1.8521590567318504e+00 -3.5004223299276043e+02
    -5.4344004686649370e+01 6.8363200096129901e+02
    9.1381964514713809e-02 -2.2311273529777120e-01
    -1.7206171078174792e+00 -3.1910626147384579e+02
    2.5765791946784458e+02 7.3019080473043914e+02 5.9484764176626670e-01
    -9.0499862622245753e-01 -1.4104149646102693e+00
    -5.8968790798320663e+02 2.9249302322566871e+02
    6.3627767136778800e+02 -1.1400076831978210e+00
    1.3455935665321986e-01 -4.5779516516533425e-01
    -2.1529675706126437e+02 1.1275324352857196e+02
    6.0959399347848534e+02 -1.0776362513691082e+00
    -4.1638222128195895e-01 -2.3657028299189395e-01
    1.7507405100179756e+02 1.8821688432020707e+02 5.2057639394286082e+02
    -2.9592792149286029e-01 -2.3479186006681546e-01
    -1.5026229094658132e+00 2.9041767196286901e+02
    2.8157063925293960e+02 4.7959610784823917e+02
    -2.5026193224921356e-01 2.3443774002953999e-02
    -1.4690697892010582e+00 1.9466042723929192e+02
    -8.3813373588439106e+01 3.5552072064571428e+02</data></extrinsic_parameters>
