%YAML:1.0
---
writing_time: "Вт 17 апр 2018 16:22:38"
mat_rows: 3
mat_cols: 4
trasnform: !!opencv-matrix
   rows: 3
   cols: 4
   dt: d
   data: [ -8.9867124231203199e-01, 4.5699009049497752e-02,
       -9.5565323713849515e-02, 1.5000000000000004e+00,
       -3.1834273002864288e-02, 6.3023537145045461e-01,
       -5.9322467897135334e-01, 2., -4.7854151524381980e-02,
       -5.7879190767273969e-01, -7.2088708701779647e-01,
       1.0199999809265139e+00 ]
